dow	date	secchi_m	basin	month	year
48000200	7/24/1974	1.37	201	7	1974
48000200	7/31/1974	1.98	201	7	1974
48000200	8/7/1974	2.29	201	8	1974
48000200	8/14/1974	2.29	201	8	1974
48000200	8/21/1974	2.29	201	8	1974
48000200	8/28/1974	2.29	201	8	1974
48000200	9/4/1974	2.29	201	9	1974
48000200	9/11/1974	2.44	201	9	1974
48000200	9/18/1974	2.44	201	9	1974
48000200	9/25/1974	2.59	201	9	1974
48000200	10/2/1974	2.59	201	10	1974
48000200	6/17/1981	1.3	204	6	1981
48000200	6/17/1981	1.31	115	6	1981
48000200	6/17/1981	1.49	113	6	1981
48000200	6/17/1981	1.5	113	6	1981
48000200	6/17/1981	1.58	111	6	1981
48000200	6/17/1981	1.6	111	6	1981
48000200	6/17/1981	1.7	112	6	1981
48000200	6/17/1981	1.7	202	6	1981
48000200	6/17/1981	1.71	112	6	1981
48000200	6/17/1981	1.71	116	6	1981
48000200	6/17/1981	1.8	114	6	1981
48000200	6/18/1981	1.3	105	6	1981
48000200	6/18/1981	1.31	105	6	1981
48000200	6/18/1981	1.49	104	6	1981
48000200	6/18/1981	1.49	119	6	1981
48000200	6/18/1981	1.5	119	6	1981
48000200	6/18/1981	1.5	104	6	1981
48000200	6/18/1981	1.7	120	6	1981
48000200	6/18/1981	1.71	120	6	1981
48000200	6/18/1981	1.8	117	6	1981
48000200	6/18/1981	1.8	118	6	1981
48000200	6/22/1981	1.3	106	6	1981
48000200	6/22/1981	1.31	106	6	1981
48000200	6/22/1981	1.49	123	6	1981
48000200	6/22/1981	1.5	123	6	1981
48000200	6/22/1981	1.7	100	6	1981
48000200	6/22/1981	1.7	107	6	1981
48000200	6/22/1981	1.71	101	6	1981
48000200	6/22/1981	1.71	107	6	1981
48000200	6/22/1981	1.8	108	6	1981
48000200	6/22/1981	1.89	102	6	1981
48000200	6/22/1981	1.89	109	6	1981
48000200	6/22/1981	1.9	102	6	1981
48000200	6/22/1981	1.9	109	6	1981
48000200	6/22/1981	2	110	6	1981
48000200	6/22/1981	2.01	110	6	1981
48000200	6/22/1981	2.29	122	6	1981
48000200	6/22/1981	2.3	122	6	1981
48000200	8/12/1981	1.7	103	8	1981
48000200	8/12/1981	1.71	103	8	1981
48000200	8/19/1981	2.1	118	8	1981
48000200	8/19/1981	2.19	119	8	1981
48000200	8/19/1981	2.2	119	8	1981
48000200	8/19/1981	2.29	102	8	1981
48000200	8/19/1981	2.29	105	8	1981
48000200	8/19/1981	2.3	102	8	1981
48000200	8/19/1981	2.3	105	8	1981
48000200	8/19/1981	2.4	103	8	1981
48000200	8/19/1981	2.41	103	8	1981
48000200	8/19/1981	2.5	117	8	1981
48000200	8/19/1981	2.5	123	8	1981
48000200	8/19/1981	2.59	115	8	1981
48000200	8/19/1981	2.6	204	8	1981
48000200	8/19/1981	2.7	202	8	1981
48000200	8/19/1981	2.71	116	8	1981
48000200	8/19/1981	2.8	114	8	1981
48000200	10/7/1981	1.4	115	10	1981
48000200	10/7/1981	1.4	204	10	1981
48000200	10/7/1981	1.7	114	10	1981
48000200	10/7/1981	1.71	114	10	1981
48000200	10/7/1981	1.89	116	10	1981
48000200	10/7/1981	1.9	202	10	1981
48000200	10/7/1981	2	105	10	1981
48000200	10/7/1981	2	119	10	1981
48000200	10/7/1981	2	117	10	1981
48000200	10/7/1981	2	123	10	1981
48000200	10/7/1981	2.01	105	10	1981
48000200	10/7/1981	2.01	117	10	1981
48000200	10/7/1981	2.01	119	10	1981
48000200	10/7/1981	2.01	123	10	1981
48000200	10/7/1981	2.1	102	10	1981
48000200	10/7/1981	2.1	103	10	1981
48000200	10/7/1981	2.1	118	10	1981
48000200	6/15/1982	1.68	202	6	1982
48000200	7/4/1982	1.98	202	7	1982
48000200	7/4/1982	2.59	203	7	1982
48000200	7/4/1982	2.59	100	7	1982
48000200	7/28/1982	2.13	202	7	1982
48000200	9/18/1982	2.59	202	9	1982
48000200	6/7/1988	2.67	204	6	1988
48000200	6/7/1988	2.68	204	6	1988
48000200	6/14/1988	2.44	204	6	1988
48000200	6/21/1988	2.35	204	6	1988
48000200	6/21/1988	2.36	204	6	1988
48000200	6/28/1988	2.13	204	6	1988
48000200	7/4/1988	1.98	204	7	1988
48000200	7/12/1988	1.83	204	7	1988
48000200	7/18/1988	1.83	204	7	1988
48000200	7/22/1988	1.68	204	7	1988
48000200	6/21/1989	2.59	204	6	1989
48000200	6/28/1989	2.59	204	6	1989
48000200	7/6/1989	2.44	204	7	1989
48000200	7/12/1989	2.44	204	7	1989
48000200	7/20/1989	2.44	204	7	1989
48000200	7/25/1989	2.29	204	7	1989
48000200	8/3/1989	2.13	204	8	1989
48000200	8/10/1989	1.98	204	8	1989
48000200	8/15/1989	1.98	204	8	1989
48000200	8/24/1989	1.98	204	8	1989
48000200	8/29/1989	1.83	204	8	1989
48000200	9/6/1989	1.83	204	9	1989
48000200	6/14/1990	2.19	7362	6	1990
48000200	6/14/1990	2.2	100	6	1990
48000200	6/14/1990	2.4	100	6	1990
48000200	6/14/1990	2.41	7360	6	1990
48000200	6/14/1990	2.41	7361	6	1990
48000200	6/14/1990	2.41	7363	6	1990
48000200	6/29/1990	3.99	7360	6	1990
48000200	6/29/1990	3.99	7362	6	1990
48000200	6/29/1990	3.99	7363	6	1990
48000200	6/29/1990	4	100	6	1990
48000200	7/2/1990	2.13	204	7	1990
48000200	7/9/1990	2.13	204	7	1990
48000200	7/17/1990	1.98	204	7	1990
48000200	7/23/1990	1.98	204	7	1990
48000200	7/30/1990	2.5	7360	7	1990
48000200	7/30/1990	2.5	7361	7	1990
48000200	7/30/1990	2.5	7363	7	1990
48000200	7/30/1990	2.5	100	7	1990
48000200	7/30/1990	2.99	7362	7	1990
48000200	7/30/1990	2.99	7364	7	1990
48000200	7/30/1990	3	100	7	1990
48000200	8/1/1990	1.98	204	8	1990
48000200	8/7/1990	1.83	204	8	1990
48000200	8/15/1990	3.5	100	8	1990
48000200	8/15/1990	3.51	7360	8	1990
48000200	8/15/1990	3.51	7363	8	1990
48000200	8/15/1990	3.6	7362	8	1990
48000200	8/15/1990	3.6	7364	8	1990
48000200	8/15/1990	3.6	100	8	1990
48000200	8/15/1990	3.99	7361	8	1990
48000200	8/15/1990	4	100	8	1990
48000200	8/16/1990	1.83	204	8	1990
48000200	8/21/1990	1.83	204	8	1990
48000200	8/29/1990	1.68	204	8	1990
48000200	9/4/1990	1.52	204	9	1990
48000200	9/4/1990	2.1	7309	9	1990
48000200	9/4/1990	2.1	7361	9	1990
48000200	9/4/1990	2.1	100	9	1990
48000200	9/4/1990	2.19	7320	9	1990
48000200	9/4/1990	2.19	7366	9	1990
48000200	9/4/1990	2.2	100	9	1990
48000200	9/4/1990	2.4	100	9	1990
48000200	9/4/1990	2.41	7302	9	1990
48000200	9/4/1990	2.41	7362	9	1990
48000200	9/10/1990	1.52	204	9	1990
48000200	9/18/1990	2.4	100	9	1990
48000200	9/18/1990	2.41	7309	9	1990
48000200	9/18/1990	2.8	7318	9	1990
48000200	9/18/1990	2.8	7319	9	1990
48000200	9/18/1990	2.8	7364	9	1990
48000200	9/18/1990	2.8	7365	9	1990
48000200	9/18/1990	2.8	100	9	1990
48000200	9/18/1990	3.1	100	9	1990
48000200	9/18/1990	3.11	7318	9	1990
48000200	1/18/1991	4.6	7360	1	1991
48000200	1/18/1991	4.6	7361	1	1991
48000200	1/18/1991	4.6	7362	1	1991
48000200	1/18/1991	4.6	100	1	1991
48000200	1/22/1991	3.6	7363	1	1991
48000200	1/22/1991	3.6	100	1	1991
48000200	1/22/1991	4.3	7364	1	1991
48000200	1/22/1991	4.3	100	1	1991
48000200	4/2/1991	4.9	100	4	1991
48000200	4/2/1991	4.91	7363	4	1991
48000200	4/2/1991	7	100	4	1991
48000200	4/2/1991	7.01	7364	4	1991
48000200	4/2/1991	7.01	7367	4	1991
48000200	5/28/1991	2.44	7238	5	1991
48000200	5/28/1991	2.44	100	5	1991
48000200	5/28/1991	3.96	7252	5	1991
48000200	5/28/1991	3.96	100	5	1991
48000200	5/28/1991	4.27	7253	5	1991
48000200	5/28/1991	4.27	100	5	1991
48000200	5/29/1991	2.5	7201	5	1991
48000200	5/29/1991	2.5	100	5	1991
48000200	5/29/1991	3.29	7224	5	1991
48000200	5/29/1991	3.3	100	5	1991
48000200	5/29/1991	3.5	100	5	1991
48000200	5/29/1991	3.51	7232	5	1991
48000200	5/29/1991	3.96	7205	5	1991
48000200	5/29/1991	3.96	100	5	1991
48000200	5/31/1991	3.66	7206	5	1991
48000200	5/31/1991	3.66	100	5	1991
48000200	6/10/1991	2.4	100	6	1991
48000200	6/10/1991	2.41	7206	6	1991
48000200	6/10/1991	2.44	7238	6	1991
48000200	6/10/1991	2.44	100	6	1991
48000200	6/10/1991	2.7	100	6	1991
48000200	6/10/1991	2.71	7217	6	1991
48000200	6/10/1991	3.1	100	6	1991
48000200	6/10/1991	3.11	7205	6	1991
48000200	6/10/1991	3.29	7216	6	1991
48000200	6/10/1991	3.3	100	6	1991
48000200	6/10/1991	3.69	7201	6	1991
48000200	6/10/1991	3.69	7218	6	1991
48000200	6/10/1991	3.7	100	6	1991
48000200	6/10/1991	3.81	7253	6	1991
48000200	6/10/1991	3.81	100	6	1991
48000200	6/10/1991	3.96	7252	6	1991
48000200	6/10/1991	3.96	100	6	1991
48000200	6/10/1991	3.99	7220	6	1991
48000200	6/10/1991	4	100	6	1991
48000200	6/24/1991	2.13	7238	6	1991
48000200	6/24/1991	2.13	100	6	1991
48000200	6/24/1991	2.5	7216	6	1991
48000200	6/24/1991	2.5	100	6	1991
48000200	6/24/1991	2.7	100	6	1991
48000200	6/24/1991	2.71	7217	6	1991
48000200	6/24/1991	2.71	7218	6	1991
48000200	6/24/1991	2.71	7224	6	1991
48000200	6/24/1991	2.71	7232	6	1991
48000200	6/24/1991	2.99	7201	6	1991
48000200	6/24/1991	2.99	7220	6	1991
48000200	6/24/1991	3	100	6	1991
48000200	6/24/1991	3.05	7205	6	1991
48000200	6/24/1991	3.05	7206	6	1991
48000200	6/24/1991	3.05	100	6	1991
48000200	6/24/1991	3.51	7252	6	1991
48000200	6/24/1991	3.51	7253	6	1991
48000200	6/24/1991	3.51	100	6	1991
48000200	7/8/1991	2.13	7238	7	1991
48000200	7/8/1991	2.13	100	7	1991
48000200	7/8/1991	2.7	100	7	1991
48000200	7/8/1991	2.71	7216	7	1991
48000200	7/8/1991	2.71	7218	7	1991
48000200	7/8/1991	2.71	7232	7	1991
48000200	7/8/1991	2.9	7252	7	1991
48000200	7/8/1991	2.9	100	7	1991
48000200	7/8/1991	2.99	7217	7	1991
48000200	7/8/1991	3	100	7	1991
48000200	7/8/1991	3.2	7253	7	1991
48000200	7/8/1991	3.2	100	7	1991
48000200	7/8/1991	3.29	7220	7	1991
48000200	7/8/1991	3.3	100	7	1991
48000200	7/8/1991	3.5	100	7	1991
48000200	7/8/1991	3.51	7224	7	1991
48000200	7/9/1991	2.59	7201	7	1991
48000200	7/9/1991	2.59	100	7	1991
48000200	7/9/1991	3.35	7205	7	1991
48000200	7/9/1991	3.35	7206	7	1991
48000200	7/9/1991	3.35	100	7	1991
48000200	7/21/1991	2.29	7238	7	1991
48000200	7/21/1991	2.29	100	7	1991
48000200	7/21/1991	2.74	7252	7	1991
48000200	7/21/1991	2.74	100	7	1991
48000200	7/21/1991	3.05	7253	7	1991
48000200	7/21/1991	3.05	100	7	1991
48000200	7/22/1991	1.98	7201	7	1991
48000200	7/22/1991	1.98	100	7	1991
48000200	7/22/1991	2.29	7217	7	1991
48000200	7/22/1991	2.3	100	7	1991
48000200	7/22/1991	2.5	7218	7	1991
48000200	7/22/1991	2.5	7220	7	1991
48000200	7/22/1991	2.5	100	7	1991
48000200	7/22/1991	2.59	7232	7	1991
48000200	7/22/1991	2.6	100	7	1991
48000200	7/22/1991	2.7	100	7	1991
48000200	7/22/1991	2.71	7216	7	1991
48000200	7/22/1991	2.74	7205	7	1991
48000200	7/22/1991	2.74	100	7	1991
48000200	7/22/1991	2.9	7206	7	1991
48000200	7/22/1991	2.9	100	7	1991
48000200	7/22/1991	2.99	7224	7	1991
48000200	7/22/1991	3	100	7	1991
48000200	8/5/1991	1.98	7201	8	1991
48000200	8/5/1991	1.98	100	8	1991
48000200	8/5/1991	2	100	8	1991
48000200	8/5/1991	2.01	7217	8	1991
48000200	8/5/1991	2.13	7238	8	1991
48000200	8/5/1991	2.13	100	8	1991
48000200	8/5/1991	2.29	7205	8	1991
48000200	8/5/1991	2.29	7216	8	1991
48000200	8/5/1991	2.29	7218	8	1991
48000200	8/5/1991	2.29	7220	8	1991
48000200	8/5/1991	2.29	7224	8	1991
48000200	8/5/1991	2.29	7232	8	1991
48000200	8/5/1991	2.29	100	8	1991
48000200	8/5/1991	2.3	100	8	1991
48000200	8/5/1991	2.44	7206	8	1991
48000200	8/5/1991	2.44	7252	8	1991
48000200	8/5/1991	2.44	100	8	1991
48000200	8/5/1991	2.59	7253	8	1991
48000200	8/5/1991	2.59	100	8	1991
48000200	8/19/1991	1.83	7238	8	1991
48000200	8/19/1991	1.83	100	8	1991
48000200	8/19/1991	1.98	7252	8	1991
48000200	8/19/1991	1.98	100	8	1991
48000200	8/19/1991	2	100	8	1991
48000200	8/19/1991	2.01	7217	8	1991
48000200	8/19/1991	2.01	7218	8	1991
48000200	8/19/1991	2.13	7201	8	1991
48000200	8/19/1991	2.13	7205	8	1991
48000200	8/19/1991	2.13	7206	8	1991
48000200	8/19/1991	2.13	100	8	1991
48000200	8/19/1991	2.29	7216	8	1991
48000200	8/19/1991	2.29	7220	8	1991
48000200	8/19/1991	2.29	7224	8	1991
48000200	8/19/1991	2.3	100	8	1991
48000200	8/19/1991	2.5	7232	8	1991
48000200	8/19/1991	2.5	100	8	1991
48000200	8/19/1991	2.59	7253	8	1991
48000200	8/19/1991	2.59	100	8	1991
48000200	9/2/1991	2.13	7201	9	1991
48000200	9/2/1991	2.13	7205	9	1991
48000200	9/2/1991	2.13	7238	9	1991
48000200	9/2/1991	2.13	7252	9	1991
48000200	9/2/1991	2.13	100	9	1991
48000200	9/2/1991	2.44	7206	9	1991
48000200	9/2/1991	2.44	7253	9	1991
48000200	9/2/1991	2.44	100	9	1991
48000200	9/4/1991	2.29	7216	9	1991
48000200	9/4/1991	2.29	7232	9	1991
48000200	9/4/1991	2.3	100	9	1991
48000200	9/4/1991	2.5	7217	9	1991
48000200	9/4/1991	2.5	7218	9	1991
48000200	9/4/1991	2.5	7220	9	1991
48000200	9/4/1991	2.5	7224	9	1991
48000200	9/4/1991	2.5	100	9	1991
48000200	9/15/1991	3.05	7201	9	1991
48000200	9/15/1991	3.05	7206	9	1991
48000200	9/15/1991	3.05	100	9	1991
48000200	9/15/1991	3.2	7205	9	1991
48000200	9/15/1991	3.2	100	9	1991
48000200	9/16/1991	2.29	7238	9	1991
48000200	9/16/1991	2.29	100	9	1991
48000200	9/16/1991	2.44	7252	9	1991
48000200	9/16/1991	2.44	100	9	1991
48000200	9/16/1991	2.74	7253	9	1991
48000200	9/16/1991	2.74	100	9	1991
48000200	9/17/1991	2.74	7232	9	1991
48000200	9/17/1991	2.75	100	9	1991
48000200	9/17/1991	2.99	7224	9	1991
48000200	9/17/1991	3	100	9	1991
48000200	9/29/1991	2.44	7238	9	1991
48000200	9/29/1991	2.44	100	9	1991
48000200	9/29/1991	2.74	7253	9	1991
48000200	9/29/1991	2.74	100	9	1991
48000200	9/30/1991	2	100	9	1991
48000200	9/30/1991	2.01	7216	9	1991
48000200	9/30/1991	2.01	7220	9	1991
48000200	9/30/1991	2.01	7224	9	1991
48000200	9/30/1991	2.01	7232	9	1991
48000200	9/30/1991	2.29	7217	9	1991
48000200	9/30/1991	2.29	7218	9	1991
48000200	9/30/1991	2.3	100	9	1991
48000200	10/1/1991	2.13	7201	10	1991
48000200	10/1/1991	2.13	7205	10	1991
48000200	10/1/1991	2.13	100	10	1991
48000200	10/1/1991	2.44	7206	10	1991
48000200	10/1/1991	2.44	100	10	1991
48000200	10/21/1991	2.13	7238	10	1991
48000200	10/21/1991	2.13	100	10	1991
48000200	10/21/1991	2.29	7252	10	1991
48000200	10/21/1991	2.29	100	10	1991
48000200	10/21/1991	2.59	7253	10	1991
48000200	10/21/1991	2.59	100	10	1991
48000200	10/22/1991	2.29	7205	10	1991
48000200	10/22/1991	2.29	7212	10	1991
48000200	10/22/1991	2.29	7214	10	1991
48000200	10/22/1991	2.29	7215	10	1991
48000200	10/22/1991	2.29	100	10	1991
48000200	10/22/1991	2.3	100	10	1991
48000200	10/22/1991	2.44	7206	10	1991
48000200	10/22/1991	2.44	100	10	1991
48000200	10/24/1991	2.29	7218	10	1991
48000200	10/24/1991	2.29	7220	10	1991
48000200	10/24/1991	2.29	7224	10	1991
48000200	10/24/1991	2.3	100	10	1991
48000200	1/29/1992	2.19	7312	1	1992
48000200	1/29/1992	2.2	100	1	1992
48000200	1/29/1992	5.49	7314	1	1992
48000200	1/29/1992	5.5	100	1	1992
48000200	1/29/1992	6.49	7315	1	1992
48000200	1/29/1992	6.5	100	1	1992
48000200	1/30/1992	2.5	7338	1	1992
48000200	1/30/1992	2.5	100	1	1992
48000200	1/30/1992	3.5	100	1	1992
48000200	1/30/1992	3.51	7318	1	1992
48000200	1/30/1992	3.99	7320	1	1992
48000200	1/30/1992	4	100	1	1992
48000200	1/30/1992	6.49	7324	1	1992
48000200	1/30/1992	6.49	7352	1	1992
48000200	1/30/1992	6.5	100	1	1992
48000200	1/30/1992	8.25	100	1	1992
48000200	1/30/1992	8.26	7353	1	1992
48000200	1/31/1992	2	100	1	1992
48000200	1/31/1992	2.01	7301	1	1992
48000200	1/31/1992	6	7305	1	1992
48000200	1/31/1992	6	100	1	1992
48000200	1/31/1992	8.5	7306	1	1992
48000200	1/31/1992	8.5	100	1	1992
48000200	2/25/1992	1	100	2	1992
48000200	2/25/1992	1.01	7312	2	1992
48000200	2/25/1992	2.19	7314	2	1992
48000200	2/25/1992	2.2	100	2	1992
48000200	2/25/1992	5.3	7320	2	1992
48000200	2/25/1992	5.3	7324	2	1992
48000200	2/25/1992	5.3	100	2	1992
48000200	2/25/1992	5.49	7315	2	1992
48000200	2/25/1992	5.5	100	2	1992
48000200	2/26/1992	1.74	7338	2	1992
48000200	2/26/1992	1.75	100	2	1992
48000200	2/26/1992	3.99	7301	2	1992
48000200	2/26/1992	3.99	7318	2	1992
48000200	2/26/1992	4	100	2	1992
48000200	2/26/1992	6	7305	2	1992
48000200	2/26/1992	6	7306	2	1992
48000200	2/26/1992	6	7353	2	1992
48000200	2/26/1992	6	100	2	1992
48000200	2/26/1992	6.25	7352	2	1992
48000200	2/26/1992	6.25	100	2	1992
48000200	3/17/1992	2	100	3	1992
48000200	3/17/1992	2.01	7312	3	1992
48000200	3/17/1992	5.7	7314	3	1992
48000200	3/17/1992	5.7	100	3	1992
48000200	3/17/1992	6.3	100	3	1992
48000200	3/17/1992	6.31	7315	3	1992
48000200	3/18/1992	3.4	100	3	1992
48000200	3/18/1992	3.41	7338	3	1992
48000200	3/18/1992	3.9	7301	3	1992
48000200	3/18/1992	3.9	100	3	1992
48000200	3/18/1992	5.3	7353	3	1992
48000200	3/18/1992	5.3	100	3	1992
48000200	3/18/1992	5.7	7352	3	1992
48000200	3/18/1992	5.7	100	3	1992
48000200	3/18/1992	6.4	7305	3	1992
48000200	3/18/1992	6.4	100	3	1992
48000200	3/18/1992	6.74	7306	3	1992
48000200	3/18/1992	6.75	100	3	1992
48000200	3/19/1992	4.79	7318	3	1992
48000200	3/19/1992	4.8	100	3	1992
48000200	3/19/1992	5.49	7320	3	1992
48000200	3/19/1992	5.5	100	3	1992
48000200	3/19/1992	6.74	7324	3	1992
48000200	3/19/1992	6.75	100	3	1992
48000200	5/5/1992	1.89	7312	5	1992
48000200	5/5/1992	1.9	100	5	1992
48000200	5/5/1992	2.99	7314	5	1992
48000200	5/5/1992	3	100	5	1992
48000200	5/5/1992	3.5	100	5	1992
48000200	5/5/1992	3.51	7315	5	1992
48000200	5/5/1992	3.69	7318	5	1992
48000200	5/5/1992	3.7	100	5	1992
48000200	5/5/1992	3.9	7320	5	1992
48000200	5/5/1992	3.9	100	5	1992
48000200	5/5/1992	3.99	7324	5	1992
48000200	5/5/1992	4	100	5	1992
48000200	5/6/1992	2.99	7305	5	1992
48000200	5/6/1992	2.99	7338	5	1992
48000200	5/6/1992	3	100	5	1992
48000200	5/6/1992	3.25	100	5	1992
48000200	5/6/1992	3.26	7301	5	1992
48000200	5/6/1992	3.29	7352	5	1992
48000200	5/6/1992	3.29	7353	5	1992
48000200	5/6/1992	3.3	100	5	1992
48000200	5/6/1992	3.5	100	5	1992
48000200	5/6/1992	3.51	7306	5	1992
48000200	5/26/1992	2.5	7314	5	1992
48000200	5/26/1992	2.5	100	5	1992
48000200	5/26/1992	2.99	7312	5	1992
48000200	5/26/1992	3	100	5	1992
48000200	5/26/1992	3.29	7315	5	1992
48000200	5/26/1992	3.3	100	5	1992
48000200	5/27/1992	2.5	7301	5	1992
48000200	5/27/1992	2.5	100	5	1992
48000200	5/27/1992	2.99	7305	5	1992
48000200	5/27/1992	2.99	7306	5	1992
48000200	5/27/1992	2.99	7318	5	1992
48000200	5/27/1992	2.99	7338	5	1992
48000200	5/27/1992	2.99	7352	5	1992
48000200	5/27/1992	3	100	5	1992
48000200	5/27/1992	3.25	100	5	1992
48000200	5/27/1992	3.26	7320	5	1992
48000200	5/27/1992	3.26	7353	5	1992
48000200	5/27/1992	3.5	100	5	1992
48000200	5/27/1992	3.51	7324	5	1992
48000200	5/28/1992	3.5	100	5	1992
48000200	5/28/1992	3.51	7316	5	1992
48000200	5/28/1992	3.51	7317	5	1992
48000200	5/28/1992	3.99	7318	5	1992
48000200	5/28/1992	4	100	5	1992
48000200	5/29/1992	3.75	7320	5	1992
48000200	5/29/1992	3.75	100	5	1992
48000200	6/16/1992	2.13	7338	6	1992
48000200	6/16/1992	2.13	100	6	1992
48000200	6/16/1992	2.29	7352	6	1992
48000200	6/16/1992	2.29	100	6	1992
48000200	6/16/1992	3.2	7353	6	1992
48000200	6/16/1992	3.2	100	6	1992
48000200	6/22/1992	2	100	6	1992
48000200	6/22/1992	2.01	7332	6	1992
48000200	6/22/1992	2.13	7301	6	1992
48000200	6/22/1992	2.13	100	6	1992
48000200	6/22/1992	2.29	7312	6	1992
48000200	6/22/1992	2.29	7314	6	1992
48000200	6/22/1992	2.29	7315	6	1992
48000200	6/22/1992	2.3	100	6	1992
48000200	6/22/1992	2.44	7305	6	1992
48000200	6/22/1992	2.44	7306	6	1992
48000200	6/22/1992	2.44	100	6	1992
48000200	6/23/1992	2.29	7316	6	1992
48000200	6/23/1992	2.29	7317	6	1992
48000200	6/23/1992	2.29	7318	6	1992
48000200	6/23/1992	2.29	7320	6	1992
48000200	6/23/1992	2.29	7338	6	1992
48000200	6/23/1992	2.29	7352	6	1992
48000200	6/23/1992	2.29	7353	6	1992
48000200	6/23/1992	2.3	100	6	1992
48000200	6/23/1992	2.5	7324	6	1992
48000200	6/23/1992	2.5	100	6	1992
48000200	7/6/1992	2.44	7305	7	1992
48000200	7/6/1992	2.44	100	7	1992
48000200	7/6/1992	2.59	7338	7	1992
48000200	7/6/1992	2.59	100	7	1992
48000200	7/6/1992	2.74	7301	7	1992
48000200	7/6/1992	2.74	7306	7	1992
48000200	7/6/1992	2.74	7352	7	1992
48000200	7/6/1992	2.74	100	7	1992
48000200	7/7/1992	2.29	7312	7	1992
48000200	7/7/1992	2.29	7332	7	1992
48000200	7/7/1992	2.3	100	7	1992
48000200	7/7/1992	2.5	7314	7	1992
48000200	7/7/1992	2.5	7315	7	1992
48000200	7/7/1992	2.5	100	7	1992
48000200	7/8/1992	2.59	7318	7	1992
48000200	7/8/1992	2.59	7324	7	1992
48000200	7/8/1992	2.6	100	7	1992
48000200	7/8/1992	2.65	7320	7	1992
48000200	7/8/1992	2.65	100	7	1992
48000200	7/8/1992	2.74	7316	7	1992
48000200	7/8/1992	2.74	7317	7	1992
48000200	7/8/1992	2.75	100	7	1992
48000200	7/18/1992	2.29	7338	7	1992
48000200	7/18/1992	2.29	100	7	1992
48000200	7/18/1992	2.44	7352	7	1992
48000200	7/18/1992	2.44	100	7	1992
48000200	7/18/1992	2.59	7353	7	1992
48000200	7/18/1992	2.59	100	7	1992
48000200	7/20/1992	2	100	7	1992
48000200	7/20/1992	2.01	7318	7	1992
48000200	7/20/1992	2.01	7320	7	1992
48000200	7/20/1992	2.01	7324	7	1992
48000200	7/20/1992	2.29	7306	7	1992
48000200	7/20/1992	2.29	7312	7	1992
48000200	7/20/1992	2.29	7316	7	1992
48000200	7/20/1992	2.29	7317	7	1992
48000200	7/20/1992	2.29	100	7	1992
48000200	7/20/1992	2.3	100	7	1992
48000200	7/20/1992	2.44	7301	7	1992
48000200	7/20/1992	2.44	7305	7	1992
48000200	7/20/1992	2.44	100	7	1992
48000200	7/20/1992	2.5	7314	7	1992
48000200	7/20/1992	2.5	7315	7	1992
48000200	7/20/1992	2.5	7332	7	1992
48000200	7/20/1992	2.5	100	7	1992
48000200	8/1/1992	2.44	7338	8	1992
48000200	8/1/1992	2.44	7352	8	1992
48000200	8/1/1992	2.44	7353	8	1992
48000200	8/1/1992	2.44	100	8	1992
48000200	8/3/1992	2	100	8	1992
48000200	8/3/1992	2.01	7316	8	1992
48000200	8/3/1992	2.01	7317	8	1992
48000200	8/3/1992	2.01	7318	8	1992
48000200	8/3/1992	2.01	7320	8	1992
48000200	8/3/1992	2.01	7332	8	1992
48000200	8/3/1992	2.1	7312	8	1992
48000200	8/3/1992	2.1	100	8	1992
48000200	8/3/1992	2.5	7314	8	1992
48000200	8/3/1992	2.5	7315	8	1992
48000200	8/3/1992	2.5	100	8	1992
48000200	8/3/1992	2.99	7324	8	1992
48000200	8/3/1992	3	100	8	1992
48000200	8/4/1992	2.13	7301	8	1992
48000200	8/4/1992	2.13	7305	8	1992
48000200	8/4/1992	2.13	7306	8	1992
48000200	8/4/1992	2.13	100	8	1992
48000200	8/15/1992	1.98	7338	8	1992
48000200	8/15/1992	1.98	100	8	1992
48000200	8/15/1992	2.13	7352	8	1992
48000200	8/15/1992	2.13	7353	8	1992
48000200	8/15/1992	2.13	100	8	1992
48000200	8/17/1992	1.8	7316	8	1992
48000200	8/17/1992	1.8	7317	8	1992
48000200	8/17/1992	1.8	7318	8	1992
48000200	8/17/1992	1.8	7320	8	1992
48000200	8/17/1992	1.8	7332	8	1992
48000200	8/17/1992	1.8	100	8	1992
48000200	8/17/1992	1.83	7301	8	1992
48000200	8/17/1992	1.83	7305	8	1992
48000200	8/17/1992	1.83	100	8	1992
48000200	8/17/1992	2	100	8	1992
48000200	8/17/1992	2.01	7312	8	1992
48000200	8/17/1992	2.01	7314	8	1992
48000200	8/17/1992	2.01	7315	8	1992
48000200	8/17/1992	2.01	7324	8	1992
48000200	8/17/1992	2.13	7306	8	1992
48000200	8/17/1992	2.13	100	8	1992
48000200	8/28/1992	1.37	7301	8	1992
48000200	8/28/1992	1.37	100	8	1992
48000200	8/31/1992	1.25	7316	8	1992
48000200	8/31/1992	1.25	7318	8	1992
48000200	8/31/1992	1.25	100	8	1992
48000200	8/31/1992	1.3	100	8	1992
48000200	8/31/1992	1.31	7312	8	1992
48000200	8/31/1992	1.31	7314	8	1992
48000200	8/31/1992	1.31	7315	8	1992
48000200	8/31/1992	1.31	7317	8	1992
48000200	8/31/1992	1.31	7332	8	1992
48000200	8/31/1992	1.37	7305	8	1992
48000200	8/31/1992	1.37	100	8	1992
48000200	8/31/1992	1.4	7320	8	1992
48000200	8/31/1992	1.4	100	8	1992
48000200	8/31/1992	1.49	7324	8	1992
48000200	8/31/1992	1.5	100	8	1992
48000200	8/31/1992	1.52	7306	8	1992
48000200	8/31/1992	1.52	7353	8	1992
48000200	8/31/1992	1.52	100	8	1992
48000200	9/12/1992	1.3	100	9	1992
48000200	9/12/1992	1.31	7338	9	1992
48000200	9/12/1992	1.7	100	9	1992
48000200	9/12/1992	1.71	7352	9	1992
48000200	9/12/1992	1.71	7353	9	1992
48000200	9/13/1992	1.7	100	9	1992
48000200	9/13/1992	1.71	7301	9	1992
48000200	9/13/1992	1.71	7305	9	1992
48000200	9/13/1992	1.8	7306	9	1992
48000200	9/13/1992	1.8	100	9	1992
48000200	9/14/1992	1.58	7315	9	1992
48000200	9/14/1992	1.58	7332	9	1992
48000200	9/14/1992	1.6	100	9	1992
48000200	9/14/1992	1.74	7316	9	1992
48000200	9/14/1992	1.74	7317	9	1992
48000200	9/14/1992	1.75	100	9	1992
48000200	9/14/1992	1.8	7312	9	1992
48000200	9/14/1992	1.8	7314	9	1992
48000200	9/14/1992	1.8	7324	9	1992
48000200	9/14/1992	1.8	100	9	1992
48000200	9/14/1992	2	100	9	1992
48000200	9/14/1992	2.01	7318	9	1992
48000200	9/14/1992	2.01	7320	9	1992
48000200	9/29/1992	2.59	7352	9	1992
48000200	9/29/1992	2.59	100	9	1992
48000200	10/5/1992	1.49	7332	10	1992
48000200	10/5/1992	1.5	100	10	1992
48000200	10/5/1992	1.74	7315	10	1992
48000200	10/5/1992	1.75	100	10	1992
48000200	10/5/1992	1.85	100	10	1992
48000200	10/5/1992	1.86	7314	10	1992
48000200	10/5/1992	2	100	10	1992
48000200	10/5/1992	2.01	7312	10	1992
48000200	10/6/1992	1.74	7316	10	1992
48000200	10/6/1992	1.74	7317	10	1992
48000200	10/6/1992	1.74	7318	10	1992
48000200	10/6/1992	1.75	100	10	1992
48000200	10/6/1992	2	100	10	1992
48000200	10/6/1992	2.01	7320	10	1992
48000200	10/6/1992	2.01	7324	10	1992
48000200	10/28/1992	2	100	10	1992
48000200	10/28/1992	2.01	7316	10	1992
48000200	10/28/1992	2.01	7317	10	1992
48000200	10/28/1992	2.01	7318	10	1992
48000200	10/29/1992	1.8	7312	10	1992
48000200	10/29/1992	1.8	100	10	1992
48000200	10/29/1992	2	100	10	1992
48000200	10/29/1992	2.01	7320	10	1992
48000200	10/29/1992	2.01	7324	10	1992
48000200	10/29/1992	2.01	7332	10	1992
48000200	10/29/1992	2.25	100	10	1992
48000200	10/29/1992	2.26	7308	10	1992
48000200	10/29/1992	2.26	7309	10	1992
48000200	10/29/1992	2.26	7310	10	1992
48000200	10/29/1992	2.26	7311	10	1992
48000200	10/29/1992	2.26	7315	10	1992
48000200	10/29/1992	2.26	7326	10	1992
48000200	10/29/1992	2.26	7327	10	1992
48000200	10/29/1992	2.5	7314	10	1992
48000200	10/29/1992	2.5	100	10	1992
48000200	10/30/1992	1.49	7339	10	1992
48000200	10/30/1992	1.5	100	10	1992
48000200	10/30/1992	1.7	100	10	1992
48000200	10/30/1992	1.71	7341	10	1992
48000200	10/30/1992	1.8	7340	10	1992
48000200	10/30/1992	1.8	100	10	1992
48000200	10/30/1992	1.89	7304	10	1992
48000200	10/30/1992	1.89	7343	10	1992
48000200	10/30/1992	1.9	100	10	1992
48000200	10/30/1992	2	100	10	1992
48000200	10/30/1992	2.01	7302	10	1992
48000200	10/30/1992	2.01	7344	10	1992
48000200	10/30/1992	2.19	7303	10	1992
48000200	10/30/1992	2.19	7342	10	1992
48000200	10/30/1992	2.2	100	10	1992
48000200	10/30/1992	2.25	100	10	1992
48000200	10/30/1992	2.26	7305	10	1992
48000200	10/30/1992	2.26	7313	10	1992
48000200	10/30/1992	2.26	7323	10	1992
48000200	10/30/1992	2.26	7349	10	1992
48000200	10/30/1992	2.26	7352	10	1992
48000200	10/30/1992	2.29	7301	10	1992
48000200	10/30/1992	2.29	7306	10	1992
48000200	10/30/1992	2.29	7322	10	1992
48000200	10/30/1992	2.29	7338	10	1992
48000200	10/30/1992	2.29	7347	10	1992
48000200	10/30/1992	2.29	7348	10	1992
48000200	10/30/1992	2.29	7353	10	1992
48000200	10/30/1992	2.3	100	10	1992
48000200	6/18/1993	2.59	211	6	1993
48000200	6/18/1993	3.66	209	6	1993
48000200	6/20/1993	2.29	208	6	1993
48000200	6/20/1993	2.44	210	6	1993
48000200	6/20/1993	2.74	207	6	1993
48000200	6/20/1993	3.05	206	6	1993
48000200	6/21/1993	2.59	211	6	1993
48000200	6/23/1993	3.66	209	6	1993
48000200	6/28/1993	1.98	208	6	1993
48000200	6/28/1993	2.59	211	6	1993
48000200	6/28/1993	2.74	210	6	1993
48000200	6/28/1993	3.05	206	6	1993
48000200	6/28/1993	3.05	209	6	1993
48000200	7/1/1993	2.13	205	7	1993
48000200	7/1/1993	2.59	211	7	1993
48000200	7/5/1993	2.59	211	7	1993
48000200	7/7/1993	2.13	205	7	1993
48000200	7/8/1993	3.05	209	7	1993
48000200	7/9/1993	2.29	208	7	1993
48000200	7/9/1993	2.59	210	7	1993
48000200	7/10/1993	3.05	206	7	1993
48000200	7/12/1993	2.59	211	7	1993
48000200	7/14/1993	2.13	205	7	1993
48000200	7/14/1993	2.44	208	7	1993
48000200	7/14/1993	2.44	210	7	1993
48000200	7/15/1993	3.05	209	7	1993
48000200	7/18/1993	3.96	206	7	1993
48000200	7/19/1993	2.44	211	7	1993
48000200	7/21/1993	2.13	205	7	1993
48000200	7/22/1993	2.29	208	7	1993
48000200	7/22/1993	2.29	210	7	1993
48000200	7/22/1993	3.05	209	7	1993
48000200	7/24/1993	2.9	207	7	1993
48000200	7/24/1993	3.05	206	7	1993
48000200	7/26/1993	2.44	211	7	1993
48000200	7/27/1993	2.13	205	7	1993
48000200	7/28/1993	1.98	208	7	1993
48000200	7/28/1993	1.98	210	7	1993
48000200	7/29/1993	2.59	211	7	1993
48000200	7/30/1993	2.9	209	7	1993
48000200	7/31/1993	2.9	206	7	1993
48000200	8/3/1993	2.29	211	8	1993
48000200	8/4/1993	2.13	205	8	1993
48000200	8/4/1993	2.9	209	8	1993
48000200	8/5/1993	1.98	208	8	1993
48000200	8/5/1993	1.98	210	8	1993
48000200	8/7/1993	3.35	206	8	1993
48000200	8/10/1993	2.59	207	8	1993
48000200	8/10/1993	3.66	211	8	1993
48000200	8/11/1993	2.13	205	8	1993
48000200	8/12/1993	3.05	209	8	1993
48000200	8/13/1993	1.68	208	8	1993
48000200	8/13/1993	1.68	210	8	1993
48000200	8/14/1993	2.59	211	8	1993
48000200	8/15/1993	2.9	206	8	1993
48000200	8/17/1993	2.59	211	8	1993
48000200	8/19/1993	2.13	205	8	1993
48000200	8/21/1993	2.59	211	8	1993
48000200	8/21/1993	2.9	206	8	1993
48000200	8/23/1993	1.68	208	8	1993
48000200	8/23/1993	1.68	210	8	1993
48000200	8/23/1993	3.05	209	8	1993
48000200	8/24/1993	2.59	211	8	1993
48000200	8/26/1993	2.13	205	8	1993
48000200	8/28/1993	2.59	211	8	1993
48000200	8/29/1993	2.44	206	8	1993
48000200	8/31/1993	2.59	211	8	1993
48000200	9/1/1993	2.13	205	9	1993
48000200	9/5/1993	2.44	206	9	1993
48000200	9/7/1993	2.9	209	9	1993
48000200	9/8/1993	1.98	205	9	1993
48000200	9/16/1993	1.98	205	9	1993
48000200	9/22/1993	1.98	205	9	1993
48000200	5/20/1994	3.81	206	5	1994
48000200	5/29/1994	4.42	206	5	1994
48000200	6/5/1994	3.35	206	6	1994
48000200	6/13/1994	3.05	206	6	1994
48000200	6/18/1994	1.98	205	6	1994
48000200	6/19/1994	2.59	206	6	1994
48000200	6/25/1994	2.13	205	6	1994
48000200	7/2/1994	2.9	206	7	1994
48000200	7/4/1994	1.83	205	7	1994
48000200	7/10/1994	3.05	207	7	1994
48000200	7/13/1994	2.59	206	7	1994
48000200	7/16/1994	1.68	205	7	1994
48000200	7/18/1994	2.44	206	7	1994
48000200	7/25/1994	1.83	205	7	1994
48000200	7/28/1994	2.13	206	7	1994
48000200	8/5/1994	2.29	206	8	1994
48000200	8/6/1994	1.83	205	8	1994
48000200	8/11/1994	2.59	206	8	1994
48000200	8/15/1994	1.83	205	8	1994
48000200	8/16/1994	1.98	206	8	1994
48000200	8/24/1994	1.98	206	8	1994
48000200	8/26/1994	1.83	205	8	1994
48000200	9/4/1994	2.13	206	9	1994
48000200	9/10/1994	1.83	205	9	1994
48000200	9/17/1994	1.98	205	9	1994
48000200	10/6/1994	1.98	205	10	1994
48000200	5/11/1995	3.81	206	5	1995
48000200	5/21/1995	3.66	206	5	1995
48000200	5/26/1995	3.81	206	5	1995
48000200	6/2/1995	3.81	206	6	1995
48000200	6/11/1995	3.2	206	6	1995
48000200	6/20/1995	2.74	205	6	1995
48000200	6/20/1995	4.88	206	6	1995
48000200	6/27/1995	2.74	205	6	1995
48000200	7/2/1995	4.27	206	7	1995
48000200	7/7/1995	2.74	205	7	1995
48000200	7/9/1995	3.66	206	7	1995
48000200	7/16/1995	2.59	205	7	1995
48000200	7/16/1995	4.57	206	7	1995
48000200	7/20/1995	2.74	205	7	1995
48000200	7/23/1995	4.42	206	7	1995
48000200	7/29/1995	2.74	205	7	1995
48000200	8/1/1995	3.96	206	8	1995
48000200	8/5/1995	2.59	205	8	1995
48000200	8/6/1995	3.66	206	8	1995
48000200	8/15/1995	2.74	205	8	1995
48000200	8/17/1995	3.81	206	8	1995
48000200	8/22/1995	2.44	205	8	1995
48000200	8/25/1995	3.05	206	8	1995
48000200	9/2/1995	3.05	206	9	1995
48000200	9/3/1995	2.44	205	9	1995
48000200	9/12/1995	2.13	205	9	1995
48000200	9/18/1995	2.13	205	9	1995
48000200	9/26/1995	2.59	205	9	1995
48000200	5/7/1996	3.81	206	5	1996
48000200	5/22/1996	3.81	206	5	1996
48000200	5/29/1996	3.66	206	5	1996
48000200	6/4/1996	4.11	206	6	1996
48000200	6/14/1996	2.74	205	6	1996
48000200	6/14/1996	5.33	206	6	1996
48000200	6/21/1996	2.74	205	6	1996
48000200	6/28/1996	5.49	206	6	1996
48000200	7/1/1996	3.05	205	7	1996
48000200	7/3/1996	5.18	206	7	1996
48000200	7/4/1996	3.51	205	7	1996
48000200	7/10/1996	4.72	206	7	1996
48000200	7/14/1996	3.35	205	7	1996
48000200	7/16/1996	4.72	206	7	1996
48000200	7/25/1996	3.81	206	7	1996
48000200	7/28/1996	2.74	205	7	1996
48000200	8/3/1996	3.51	206	8	1996
48000200	8/9/1996	2.74	205	8	1996
48000200	8/10/1996	3.35	206	8	1996
48000200	8/15/1996	2.74	205	8	1996
48000200	8/17/1996	3.96	206	8	1996
48000200	8/22/1996	2.29	205	8	1996
48000200	9/3/1996	2.59	205	9	1996
48000200	9/15/1996	2.59	205	9	1996
48000200	5/31/1997	4.57	206	5	1997
48000200	6/2/1997	3.35	205	6	1997
48000200	6/6/1997	4.88	206	6	1997
48000200	6/10/1997	6.1	211	6	1997
48000200	6/10/1997	6.4	215	6	1997
48000200	6/11/1997	7.01	215	6	1997
48000200	6/12/1997	3.35	205	6	1997
48000200	6/12/1997	6.4	210	6	1997
48000200	6/14/1997	5.03	206	6	1997
48000200	6/14/1997	6.1	212	6	1997
48000200	6/17/1997	5.94	211	6	1997
48000200	6/17/1997	6.71	215	6	1997
48000200	6/20/1997	6.4	215	6	1997
48000200	6/22/1997	5.18	212	6	1997
48000200	6/22/1997	5.94	213	6	1997
48000200	6/22/1997	6.1	211	6	1997
48000200	6/25/1997	3.35	205	6	1997
48000200	6/25/1997	6.1	215	6	1997
48000200	6/26/1997	5.33	206	6	1997
48000200	6/28/1997	5.03	211	6	1997
48000200	6/30/1997	3.2	205	6	1997
48000200	6/30/1997	5.33	206	6	1997
48000200	7/4/1997	3.05	205	7	1997
48000200	7/4/1997	5.18	213	7	1997
48000200	7/4/1997	5.49	210	7	1997
48000200	7/7/1997	4.57	206	7	1997
48000200	7/9/1997	4.72	211	7	1997
48000200	7/11/1997	5.49	215	7	1997
48000200	7/13/1997	4.27	214	7	1997
48000200	7/13/1997	4.72	206	7	1997
48000200	7/13/1997	5.94	213	7	1997
48000200	7/15/1997	5.18	211	7	1997
48000200	7/17/1997	4.88	215	7	1997
48000200	7/19/1997	3.35	206	7	1997
48000200	7/19/1997	3.66	214	7	1997
48000200	7/20/1997	3.05	205	7	1997
48000200	7/21/1997	4.57	211	7	1997
48000200	7/26/1997	3.96	214	7	1997
48000200	8/1/1997	3.96	206	8	1997
48000200	8/1/1997	4.57	215	8	1997
48000200	8/2/1997	2.9	205	8	1997
48000200	8/2/1997	4.27	211	8	1997
48000200	8/3/1997	4.72	212	8	1997
48000200	8/6/1997	3.51	206	8	1997
48000200	8/9/1997	3.81	214	8	1997
48000200	8/11/1997	2.9	205	8	1997
48000200	8/11/1997	3.66	206	8	1997
48000200	8/20/1997	3.66	211	8	1997
48000200	8/20/1997	5.49	215	8	1997
48000200	8/21/1997	3.81	210	8	1997
48000200	8/22/1997	3.51	206	8	1997
48000200	8/23/1997	4.27	213	8	1997
48000200	8/26/1997	3.05	206	8	1997
48000200	8/26/1997	3.2	211	8	1997
48000200	8/26/1997	3.51	214	8	1997
48000200	8/27/1997	3.05	205	8	1997
48000200	9/1/1997	3.96	212	9	1997
48000200	9/2/1997	5.49	215	9	1997
48000200	9/6/1997	3.81	213	9	1997
48000200	9/9/1997	3.05	205	9	1997
48000200	9/9/1997	3.51	211	9	1997
48000200	9/13/1997	3.35	214	9	1997
48000200	9/17/1997	3.96	211	9	1997
48000200	9/21/1997	6.1	215	9	1997
48000200	9/25/1997	4.11	211	9	1997
48000200	10/4/1997	4.27	211	10	1997
48000200	10/15/1997	5.79	215	10	1997
48000200	4/23/1998	4.88	211	4	1998
48000200	5/3/1998	5.49	211	5	1998
48000200	5/5/1998	4.42	206	5	1998
48000200	5/11/1998	4.11	206	5	1998
48000200	5/11/1998	4.27	211	5	1998
48000200	5/17/1998	3.96	206	5	1998
48000200	5/23/1998	4.42	213	5	1998
48000200	5/24/1998	4.57	213	5	1998
48000200	5/25/1998	4.27	206	5	1998
48000200	5/30/1998	4.11	211	5	1998
48000200	6/5/1998	3.81	206	6	1998
48000200	6/7/1998	4.42	213	6	1998
48000200	6/10/1998	5.49	211	6	1998
48000200	6/11/1998	4.88	206	6	1998
48000200	6/19/1998	5.18	206	6	1998
48000200	6/20/1998	5.94	211	6	1998
48000200	6/27/1998	4.27	206	6	1998
48000200	6/29/1998	5.03	211	6	1998
48000200	7/3/1998	4.88	213	7	1998
48000200	7/3/1998	5.49	206	7	1998
48000200	7/4/1998	4.88	211	7	1998
48000200	7/14/1998	4.57	211	7	1998
48000200	7/20/1998	4.42	211	7	1998
48000200	7/26/1998	3.66	213	7	1998
48000200	7/31/1998	3.35	206	7	1998
48000200	7/31/1998	3.51	211	7	1998
48000200	8/8/1998	2.29	206	8	1998
48000200	8/8/1998	2.9	213	8	1998
48000200	8/13/1998	2.74	206	8	1998
48000200	8/14/1998	3.2	211	8	1998
48000200	8/16/1998	2.9	213	8	1998
48000200	8/19/1998	2.44	206	8	1998
48000200	8/23/1998	2.74	213	8	1998
48000200	8/27/1998	2.59	206	8	1998
48000200	8/30/1998	2.9	211	8	1998
48000200	8/30/1998	3.2	213	8	1998
48000200	9/4/1998	2.59	206	9	1998
48000200	9/16/1998	3.2	211	9	1998
48000200	9/27/1998	3.51	211	9	1998
48000200	10/7/1998	3.96	211	10	1998
48000200	5/9/1999	3.51	211	5	1999
48000200	5/17/1999	4.88	215	5	1999
48000200	5/22/1999	2.9	213	5	1999
48000200	5/27/1999	2.59	206	5	1999
48000200	5/29/1999	4.27	215	5	1999
48000200	5/30/1999	3.35	211	5	1999
48000200	6/1/1999	3.05	213	6	1999
48000200	6/3/1999	3.05	206	6	1999
48000200	6/9/1999	3.2	215	6	1999
48000200	6/12/1999	2.44	211	6	1999
48000200	6/12/1999	2.59	206	6	1999
48000200	6/13/1999	2.59	213	6	1999
48000200	6/22/1999	2.29	206	6	1999
48000200	6/25/1999	2.44	215	6	1999
48000200	6/26/1999	2.74	213	6	1999
48000200	6/29/1999	1.98	211	6	1999
48000200	6/30/1999	2.13	206	6	1999
48000200	7/4/1999	1.98	211	7	1999
48000200	7/4/1999	2.44	215	7	1999
48000200	7/10/1999	2.59	213	7	1999
48000200	7/11/1999	2.74	213	7	1999
48000200	7/11/1999	3.05	206	7	1999
48000200	7/13/1999	2.59	216	7	1999
48000200	7/14/1999	2.13	215	7	1999
48000200	7/16/1999	2.13	211	7	1999
48000200	7/17/1999	2.74	216	7	1999
48000200	7/19/1999	2.29	206	7	1999
48000200	7/23/1999	2.59	211	7	1999
48000200	7/24/1999	2.74	206	7	1999
48000200	7/29/1999	2.29	206	7	1999
48000200	7/29/1999	2.44	215	7	1999
48000200	8/1/1999	2.74	213	8	1999
48000200	8/7/1999	2.44	213	8	1999
48000200	8/8/1999	2.29	206	8	1999
48000200	8/14/1999	2.29	206	8	1999
48000200	8/14/1999	2.29	211	8	1999
48000200	8/19/1999	2.29	216	8	1999
48000200	8/21/1999	2.13	206	8	1999
48000200	8/27/1999	2.44	206	8	1999
48000200	8/29/1999	2.9	213	8	1999
48000200	9/3/1999	2.9	211	9	1999
48000200	9/4/1999	2.44	206	9	1999
48000200	9/12/1999	3.35	213	9	1999
48000200	9/17/1999	3.35	216	9	1999
48000200	9/23/1999	3.05	211	9	1999
48000200	4/26/2000	3.66	211	4	2000
48000200	5/2/2000	4.11	211	5	2000
48000200	5/15/2000	4.11	213	5	2000
48000200	5/30/2000	2.9	217	5	2000
48000200	5/31/2000	3.66	218	5	2000
48000200	6/3/2000	3.51	211	6	2000
48000200	6/6/2000	3.35	213	6	2000
48000200	6/12/2000	3.66	206	6	2000
48000200	6/14/2000	2.74	217	6	2000
48000200	6/18/2000	4.27	206	6	2000
48000200	6/20/2000	3.35	211	6	2000
48000200	6/24/2000	4.27	213	6	2000
48000200	6/25/2000	3.96	213	6	2000
48000200	6/27/2000	3.51	218	6	2000
48000200	6/28/2000	3.05	217	6	2000
48000200	6/29/2000	3.96	206	6	2000
48000200	7/2/2000	4.27	213	7	2000
48000200	7/3/2000	3.05	211	7	2000
48000200	7/3/2000	3.51	213	7	2000
48000200	7/6/2000	3.66	206	7	2000
48000200	7/8/2000	3.2	213	7	2000
48000200	7/11/2000	2.59	217	7	2000
48000200	7/11/2000	3.05	218	7	2000
48000200	7/13/2000	3.05	211	7	2000
48000200	7/15/2000	2.44	206	7	2000
48000200	7/15/2000	3.81	213	7	2000
48000200	7/22/2000	2.59	206	7	2000
48000200	7/22/2000	3.05	213	7	2000
48000200	7/22/2000	3.66	213	7	2000
48000200	7/28/2000	2.59	211	7	2000
48000200	7/29/2000	2.44	206	7	2000
48000200	8/2/2000	2.44	218	8	2000
48000200	8/2/2000	3.05	217	8	2000
48000200	8/4/2000	2.44	206	8	2000
48000200	8/5/2000	3.05	213	8	2000
48000200	8/8/2000	2.44	211	8	2000
48000200	8/13/2000	2.74	213	8	2000
48000200	8/14/2000	1.98	206	8	2000
48000200	8/16/2000	2.59	217	8	2000
48000200	8/18/2000	1.98	206	8	2000
48000200	8/24/2000	2.29	211	8	2000
48000200	8/24/2000	3.66	213	8	2000
48000200	8/26/2000	2.44	213	8	2000
48000200	8/27/2000	1.98	206	8	2000
48000200	8/27/2000	3.2	213	8	2000
48000200	8/30/2000	2.74	217	8	2000
48000200	8/31/2000	2.29	211	8	2000
48000200	9/2/2000	1.98	206	9	2000
48000200	9/2/2000	3.05	213	9	2000
48000200	9/12/2000	2.29	211	9	2000
48000200	9/13/2000	3.05	217	9	2000
48000200	9/13/2000	3.05	218	9	2000
48000200	9/16/2000	2.44	206	9	2000
48000200	9/23/2000	3.05	213	9	2000
48000200	9/25/2000	1.68	213	9	2000
48000200	9/25/2000	2.13	211	9	2000
48000200	9/25/2000	2.9	218	9	2000
48000200	5/18/2001	2.9	211	5	2001
48000200	5/19/2001	3.66	213	5	2001
48000200	5/25/2001	3.51	211	5	2001
48000200	5/27/2001	3.96	206	5	2001
48000200	5/27/2001	4.42	213	5	2001
48000200	5/31/2001	3.81	211	5	2001
48000200	6/3/2001	3.96	206	6	2001
48000200	6/9/2001	5.03	211	6	2001
48000200	6/10/2001	4.11	206	6	2001
48000200	6/15/2001	3.91	216	6	2001
48000200	6/17/2001	3.81	206	6	2001
48000200	6/22/2001	3.81	206	6	2001
48000200	6/26/2001	4.42	211	6	2001
48000200	7/1/2001	6.1	206	7	2001
48000200	7/4/2001	4.57	213	7	2001
48000200	7/7/2001	3.79	216	7	2001
48000200	7/7/2001	3.81	206	7	2001
48000200	7/8/2001	3.96	213	7	2001
48000200	7/12/2001	5.03	206	7	2001
48000200	7/13/2001	4.88	211	7	2001
48000200	7/18/2001	3.66	206	7	2001
48000200	7/26/2001	2.74	206	7	2001
48000200	7/28/2001	3.35	213	7	2001
48000200	8/2/2001	3.51	211	8	2001
48000200	8/3/2001	3.2	206	8	2001
48000200	8/4/2001	4.11	213	8	2001
48000200	8/11/2001	3.35	206	8	2001
48000200	8/12/2001	3.63	216	8	2001
48000200	8/17/2001	2.74	206	8	2001
48000200	8/18/2001	3.2	211	8	2001
48000200	8/24/2001	2.44	206	8	2001
48000200	8/29/2001	2.44	206	8	2001
48000200	8/31/2001	2.74	211	8	2001
48000200	9/3/2001	3.51	213	9	2001
48000200	9/13/2001	2.59	211	9	2001
48000200	9/15/2001	2.59	206	9	2001
48000200	9/22/2001	3.35	213	9	2001
48000200	9/26/2001	3.48	216	9	2001
48000200	5/14/2002	2.9	211	5	2002
48000200	5/18/2002	3.66	213	5	2002
48000200	5/25/2002	4.11	213	5	2002
48000200	5/26/2002	4.27	213	5	2002
48000200	5/27/2002	4.27	213	5	2002
48000200	5/29/2002	4.42	211	5	2002
48000200	6/3/2002	4.11	213	6	2002
48000200	6/14/2002	3.35	206	6	2002
48000200	6/19/2002	4.27	211	6	2002
48000200	6/22/2002	3.35	206	6	2002
48000200	6/23/2002	3.81	213	6	2002
48000200	6/29/2002	4.27	206	6	2002
48000200	7/4/2002	4.11	206	7	2002
48000200	7/4/2002	4.57	211	7	2002
48000200	7/7/2002	3.2	213	7	2002
48000200	7/9/2002	3.05	211	7	2002
48000200	7/9/2002	3.66	213	7	2002
48000200	7/13/2002	3.51	206	7	2002
48000200	7/18/2002	2.74	211	7	2002
48000200	7/19/2002	2.9	206	7	2002
48000200	7/27/2002	2.74	206	7	2002
48000200	7/30/2002	3.51	209	7	2002
48000200	8/3/2002	2.9	213	8	2002
48000200	8/5/2002	2.74	211	8	2002
48000200	8/6/2002	2.29	206	8	2002
48000200	8/8/2002	2.29	209	8	2002
48000200	8/11/2002	2.44	206	8	2002
48000200	8/18/2002	2.59	213	8	2002
48000200	8/19/2002	2.59	209	8	2002
48000200	8/23/2002	2.59	209	8	2002
48000200	8/24/2002	2.13	217	8	2002
48000200	8/24/2002	2.59	211	8	2002
48000200	8/28/2002	1.98	209	8	2002
48000200	8/31/2002	2.13	206	8	2002
48000200	9/1/2002	1.68	217	9	2002
48000200	9/2/2002	2.13	213	9	2002
48000200	9/7/2002	1.98	217	9	2002
48000200	9/8/2002	1.98	206	9	2002
48000200	9/14/2002	2.9	213	9	2002
48000200	9/15/2002	2.44	217	9	2002
48000200	9/21/2002	2.29	206	9	2002
48000200	5/24/2003	3.96	213	5	2003
48000200	5/25/2003	3.96	213	5	2003
48000200	5/29/2003	3.51	209	5	2003
48000200	6/11/2003	3.2	209	6	2003
48000200	6/16/2003	4.72	209	6	2003
48000200	6/18/2003	4.72	209	6	2003
48000200	6/19/2003	3.81	209	6	2003
48000200	6/22/2003	4.27	213	6	2003
48000200	6/30/2003	3.81	209	6	2003
48000200	7/1/2003	3.51	209	7	2003
48000200	7/5/2003	3.51	209	7	2003
48000200	7/5/2003	4.42	213	7	2003
48000200	7/26/2003	3.51	213	7	2003
48000200	7/29/2003	3.66	213	7	2003
48000200	8/2/2003	3.05	213	8	2003
48000200	8/5/2003	2.29	209	8	2003
48000200	8/12/2003	2.74	209	8	2003
48000200	9/7/2003	3.05	213	9	2003
48000200	10/7/2003	3.66	209	10	2003
48000200	5/22/2004	4.57	213	5	2004
48000200	5/29/2004	5.03	213	5	2004
48000200	6/4/2004	4.42	209	6	2004
48000200	6/8/2004	3.51	209	6	2004
48000200	6/19/2004	3.66	213	6	2004
48000200	6/26/2004	3.81	209	6	2004
48000200	7/1/2004	4.57	209	7	2004
48000200	7/11/2004	3.35	213	7	2004
48000200	7/18/2004	3.66	209	7	2004
48000200	7/27/2004	3.2	209	7	2004
48000200	7/31/2004	3.96	213	7	2004
48000200	9/25/2004	2.59	213	9	2004
48000200	6/4/2005	4.11	213	6	2005
48000200	6/12/2005	3.96	209	6	2005
48000200	6/15/2005	3.96	WQ 11	6	2005
48000201	6/15/2005	4.27	WQ 12	6	2005
48000205	6/15/2005	4.27	WQ 16	6	2005
48000202	6/15/2005	4.42	WQ 13	6	2005
48000203	6/15/2005	4.42	WQ 14	6	2005
48000204	6/15/2005	4.72	WQ 15	6	2005
48000206	6/15/2005	4.72	WQ 17	6	2005
48000207	6/15/2005	4.72	WQ 18	6	2005
48000200	6/17/2005	3.66	209	6	2005
48000200	6/18/2005	4.27	213	6	2005
48000200	6/25/2005	5.18	213	6	2005
48000200	7/3/2005	4.88	213	7	2005
48000200	7/4/2005	4.57	213	7	2005
48000200	7/9/2005	3.05	213	7	2005
48000208	7/15/2005	1.98	WQ 11	7	2005
48000209	7/15/2005	2.13	WQ 12	7	2005
48000213	7/15/2005	2.74	WQ 16	7	2005
48000215	7/15/2005	2.74	WQ 18	7	2005
48000212	7/15/2005	2.9	WQ 15	7	2005
48000214	7/15/2005	2.9	WQ 17	7	2005
48000211	7/15/2005	3.05	WQ 14	7	2005
48000210	7/15/2005	3.2	WQ 13	7	2005
48000200	8/1/2005	2.59	213	8	2005
48000217	8/12/2005	1.37	WQ 12	8	2005
48000216	8/12/2005	1.52	WQ 11	8	2005
48000221	8/12/2005	1.52	WQ 16	8	2005
48000222	8/12/2005	1.52	WQ 17	8	2005
48000223	8/12/2005	1.52	WQ 18	8	2005
48000218	8/12/2005	1.68	WQ 13	8	2005
48000219	8/12/2005	1.68	WQ 14	8	2005
48000220	8/12/2005	1.68	WQ 15	8	2005
48000200	9/3/2005	2.44	213	9	2005
48000200	9/14/2005	3.35	209	9	2005
48000230	9/18/2005	2.59	WQ 17	9	2005
48000231	9/18/2005	2.59	WQ 18	9	2005
48000224	9/18/2005	2.9	WQ 11	9	2005
48000229	9/18/2005	2.9	WQ 16	9	2005
48000225	9/18/2005	3.2	WQ 12	9	2005
48000226	9/18/2005	3.29	WQ 13	9	2005
48000227	9/18/2005	3.81	WQ 14	9	2005
48000228	9/18/2005	4.27	WQ 15	9	2005
48000200	9/24/2005	2.74	213	9	2005
48000200	6/10/2006	3.96	213	6	2006
48000200	6/11/2006	3.2	213	6	2006
48000239	6/15/2006	3.2	WQ 18	6	2006
48000234	6/15/2006	3.66	WQ 13	6	2006
48000235	6/15/2006	3.66	WQ 14	6	2006
48000233	6/15/2006	3.81	WQ 12	6	2006
48000237	6/15/2006	3.81	WQ 16	6	2006
48000238	6/15/2006	3.81	WQ 17	6	2006
48000232	6/15/2006	3.96	WQ 11	6	2006
48000236	6/15/2006	4.11	WQ 15	6	2006
48000200	6/17/2006	3.51	209	6	2006
48000200	6/24/2006	3.35	213	6	2006
48000200	6/26/2006	3.81	209	6	2006
48000200	6/28/2006	3.81	209	6	2006
48000200	7/7/2006	4.27	209	7	2006
48000200	7/16/2006	3.35	213	7	2006
48000247	7/17/2006	3.05	WQ 18	7	2006
48000242	7/17/2006	3.2	WQ 13	7	2006
48000240	7/17/2006	3.35	WQ 11	7	2006
48000243	7/17/2006	3.35	WQ 14	7	2006
48000244	7/17/2006	3.44	WQ 15	7	2006
48000245	7/17/2006	3.47	WQ 16	7	2006
48000241	7/17/2006	3.51	WQ 12	7	2006
48000246	7/17/2006	3.51	WQ 17	7	2006
48000200	7/22/2006	3.2	213	7	2006
48000251	8/15/2006	2.74	WQ 14	8	2006
48000252	8/15/2006	3.05	WQ 15	8	2006
48000253	8/15/2006	3.2	WQ 16	8	2006
48000254	8/15/2006	3.35	WQ 17	8	2006
48000255	8/15/2006	3.35	WQ 18	8	2006
48000249	8/15/2006	3.41	WQ 12	8	2006
48000248	8/15/2006	3.66	WQ 11	8	2006
48000250	8/15/2006	3.66	WQ 13	8	2006
48000200	9/3/2006	2.74	213	9	2006
48000258	9/20/2006	1.89	WQ 13	9	2006
48000256	9/20/2006	2.29	WQ 11	9	2006
48000257	9/20/2006	2.29	WQ 12	9	2006
48000260	9/20/2006	2.29	WQ 15	9	2006
48000262	9/20/2006	2.29	WQ 17	9	2006
48000259	9/20/2006	2.44	WQ 14	9	2006
48000261	9/20/2006	2.44	WQ 16	9	2006
48000263	9/20/2006	2.59	WQ 18	9	2006
48000200	5/16/2007	2.44		5	2007
48000200	5/16/2007	2.74		5	2007
48000200	5/16/2007	3.05		5	2007
48000200	5/26/2007	3.2	213	5	2007
48000200	6/9/2007	2.44	213	6	2007
48000200	6/16/2007	2.59	213	6	2007
48000200	6/23/2007	3.81	213	6	2007
48000200	6/24/2007	2.29	221	6	2007
48000200	6/24/2007	3.2	220	6	2007
48000200	7/4/2007	3.12	219	7	2007
48000200	7/7/2007	3.96	213	7	2007
48000200	7/17/2007	3.43	219	7	2007
48000200	7/23/2007	3.05		7	2007
48000200	7/23/2007	3.35		7	2007
48000200	7/23/2007	3.66		7	2007
48000200	7/23/2007	3.96		7	2007
48000200	7/27/2007	3.35	219	7	2007
48000200	7/27/2007	3.66	213	7	2007
48000200	7/28/2007	3.51	213	7	2007
48000200	8/10/2007	2.67	219	8	2007
48000200	8/14/2007	1.83		8	2007
48000200	8/14/2007	2.13		8	2007
48000200	8/14/2007	2.44		8	2007
48000200	8/14/2007	2.74		8	2007
48000200	8/15/2007	2.59	219	8	2007
48000200	8/24/2007	2.9	219	8	2007
48000200	8/31/2007	2.9	219	8	2007
48000200	9/3/2007	1.52	220	9	2007
48000200	9/3/2007	1.68	221	9	2007
48000200	9/12/2007	2.13		9	2007
48000200	9/12/2007	3.05		9	2007
48000200	9/12/2007	3.35		9	2007
48000200	9/12/2007	3.66		9	2007
48000200	9/12/2007	3.96		9	2007
48000200	9/22/2007	3.51	213	9	2007
48000200	5/24/2008	3.2	213	5	2008
48000200	5/26/2008	3.51	213	5	2008
48000200	6/18/2008	3.05		6	2008
48000200	6/18/2008	3.66		6	2008
48000200	6/18/2008	3.96		6	2008
48000200	6/18/2008	4.27		6	2008
48000200	6/20/2008	4.42	219	6	2008
48000200	6/29/2008	4.27	219	6	2008
48000200	6/30/2008	4.27	213	6	2008
48000200	7/6/2008	4.27	219	7	2008
48000200	7/15/2008	2.74		7	2008
48000200	7/15/2008	3.35		7	2008
48000200	7/15/2008	3.66		7	2008
48000200	7/15/2008	3.96		7	2008
48000200	7/18/2008	4.11	219	7	2008
48000200	7/26/2008	3.66	219	7	2008
48000200	7/27/2008	4.42	213	7	2008
48000200	7/28/2008	4.57	213	7	2008
48000200	7/31/2008	4.27	213	7	2008
48000200	8/2/2008	3.51	219	8	2008
48000200	8/9/2008	4.27	213	8	2008
48000200	8/13/2008	3.05		8	2008
48000200	8/13/2008	3.2	219	8	2008
48000200	8/13/2008	3.66		8	2008
48000200	8/16/2008	3.51	213	8	2008
48000200	8/23/2008	3.35	213	8	2008
48000200	8/24/2008	2.9	219	8	2008
48000200	8/30/2008	3.51	213	8	2008
48000200	9/9/2008	2.74		9	2008
48000200	9/9/2008	3.05		9	2008
48000200	9/13/2008	2.74	213	9	2008
48000200	5/26/2009	3.05		5	2009
48000200	5/26/2009	3.35		5	2009
48000200	5/26/2009	3.66		5	2009
48000200	5/26/2009	4.27		5	2009
48000200	6/6/2009	3.35	213	6	2009
48000200	6/14/2009	3.51	219	6	2009
48000200	6/17/2009	3.66		6	2009
48000200	6/17/2009	3.96		6	2009
48000200	6/17/2009	4.27		6	2009
48000200	6/26/2009	4.11	219	6	2009
48000200	7/3/2009	3.35	213	7	2009
48000200	7/3/2009	3.51	219	7	2009
48000200	7/4/2009	3.2	213	7	2009
48000200	7/9/2009	4.57	209	7	2009
48000200	7/12/2009	2.59	213	7	2009
48000200	7/12/2009	2.59	219	7	2009
48000200	7/13/2009	2.44		7	2009
48000200	7/13/2009	2.74		7	2009
48000200	7/13/2009	3.05		7	2009
48000200	7/18/2009	2.74	213	7	2009
48000200	7/26/2009	2.44	219	7	2009
48000200	7/27/2009	2.74	213	7	2009
48000200	8/5/2009	2.13	219	8	2009
48000200	8/8/2009	4.42	209	8	2009
48000200	8/9/2009	2.29	213	8	2009
48000200	8/10/2009	2.44	213	8	2009
48000200	8/11/2009	2.51	219	8	2009
48000200	8/16/2009	4.27	209	8	2009
48000200	8/18/2009	1.83		8	2009
48000200	8/18/2009	2.13		8	2009
48000200	8/18/2009	2.44		8	2009
48000200	8/26/2009	1.98	219	8	2009
48000200	9/1/2009	3.05	209	9	2009
48000200	9/3/2009	2.06	219	9	2009
48000200	9/6/2009	2.74	213	9	2009
48000200	9/10/2009	2.13		9	2009
48000200	9/10/2009	2.44		9	2009
48000200	9/10/2009	2.74		9	2009
48000200	9/13/2009	2.74	209	9	2009
48000200	5/12/2010	2.13		5	2010
48000200	5/12/2010	2.44		5	2010
48000200	5/12/2010	2.74		5	2010
48000200	5/12/2010	3.05		5	2010
48000200	5/12/2010	3.35		5	2010
48000200	5/12/2010	3.66		5	2010
48000200	5/15/2010	2.4	219	5	2010
48000200	5/17/2010	4.3	209	5	2010
48000200	5/22/2010	4.7	213	5	2010
48000200	5/27/2010	4.27		5	2010
48000200	5/27/2010	4.57		5	2010
48000200	5/27/2010	4.88		5	2010
48000200	5/27/2010	5.18		5	2010
48000200	5/27/2010	5.49		5	2010
48000200	5/27/2010	5.79		5	2010
48000200	5/29/2010	5.2	213	5	2010
48000200	5/30/2010	4.9	213	5	2010
48000200	5/31/2010	4.6	219	5	2010
48000200	6/14/2010	3.66		6	2010
48000200	6/26/2010	3.4	213	6	2010
48000200	6/27/2010	3.4	213	6	2010
48000200	6/29/2010	2.74		6	2010
48000200	6/29/2010	3	219	6	2010
48000200	6/29/2010	3.05		6	2010
48000200	6/29/2010	3.35		6	2010
48000200	7/4/2010	2.6	213	7	2010
48000200	7/5/2010	2.9	209	7	2010
48000200	7/5/2010	3.5	213	7	2010
48000200	7/7/2010	3.7	219	7	2010
48000200	7/9/2010	2.4	213	7	2010
48000200	7/10/2010	2.6	213	7	2010
48000200	7/12/2010	2.44		7	2010
48000200	7/12/2010	2.74		7	2010
48000200	7/12/2010	3.05		7	2010
48000200	7/17/2010	2.6	219	7	2010
48000200	7/19/2010	2.7	209	7	2010
48000200	7/25/2010	2.9	209	7	2010
48000200	7/29/2010	2.4	209	7	2010
48000200	7/31/2010	3	219	7	2010
48000200	8/1/2010	2.4	209	8	2010
48000200	8/4/2010	2.4	213	8	2010
48000200	8/6/2010	2.6	209	8	2010
48000200	8/6/2010	2.7	213	8	2010
48000200	8/8/2010	2.3	209	8	2010
48000200	8/8/2010	2.7	213	8	2010
48000200	8/8/2010	2.7	219	8	2010
48000200	8/10/2010	3.4	213	8	2010
48000200	8/16/2010	1.83		8	2010
48000200	8/17/2010	1.8	209	8	2010
48000200	8/18/2010	2	209	8	2010
48000200	8/20/2010	2.1	219	8	2010
48000200	8/21/2010	2.4	213	8	2010
48000200	9/1/2010	2.1	219	9	2010
48000200	9/12/2010	2.1	213	9	2010
48000200	9/14/2010	1.52		9	2010
48000200	9/14/2010	1.83		9	2010
48000200	9/14/2010	2.13		9	2010
48000200	9/16/2010	1.8	209	9	2010
48000200	9/22/2010	2.6	209	9	2010
48000200	5/17/2011	2.74		5	2011
48000200	5/17/2011	3.05		5	2011
48000200	5/17/2011	3.66		5	2011
48000200	5/28/2011	2.4	213	5	2011
48000200	6/13/2011	3.35		6	2011
48000200	6/13/2011	3.66		6	2011
48000200	6/13/2011	3.96		6	2011
48000200	6/13/2011	4.27		6	2011
48000200	6/25/2011	4.4	213	6	2011
48000200	7/1/2011	4.6	219	7	2011
48000200	7/2/2011	4.3	213	7	2011
48000200	7/3/2011	4.4	213	7	2011
48000200	7/7/2011	4.4	219	7	2011
48000200	7/10/2011	4.1	213	7	2011
48000200	7/16/2011	4	219	7	2011
48000200	7/24/2011	3.7	219	7	2011
48000200	7/30/2011	3.5	213	7	2011
48000200	7/31/2011	3.5	213	7	2011
48000200	8/3/2011	3.5	219	8	2011
48000200	8/13/2011	2.7	219	8	2011
48000200	8/13/2011	3	213	8	2011
48000200	8/15/2011	2.74		8	2011
48000200	8/15/2011	3.05		8	2011
48000200	8/15/2011	3.35		8	2011
48000200	8/19/2011	2.4	219	8	2011
48000200	8/21/2011	2.7	213	8	2011
48000200	8/23/2011	2.6	219	8	2011
48000200	9/13/2011	2.74		9	2011
48000200	9/13/2011	3.05		9	2011
48000200	9/13/2011	3.35		9	2011
48000200	9/24/2011	4	213	9	2011
48000200	5/2/2012	3.66		5	2012
48000200	5/2/2012	3.96		5	2012
48000200	5/2/2012	4.27		5	2012
48000200	5/2/2012	5.18		5	2012
48000200	5/14/2012	4.57		5	2012
48000200	5/14/2012	5.18		5	2012
48000200	5/14/2012	5.49		5	2012
48000200	5/14/2012	6.1		5	2012
48000200	5/14/2012	6.4		5	2012
48000200	5/26/2012	4.1	213	5	2012
48000200	5/27/2012	3.7	213	5	2012
48000200	5/30/2012	2.44		5	2012
48000200	5/30/2012	2.74		5	2012
48000200	5/30/2012	3.05		5	2012
48000200	6/12/2012	4	219	6	2012
48000200	6/16/2012	3.7	213	6	2012
48000200	6/21/2012	2.74		6	2012
48000200	6/21/2012	3.05		6	2012
48000200	6/21/2012	3.35		6	2012
48000200	6/23/2012	2.1	219	6	2012
48000200	6/24/2012	1.8	213	6	2012
48000200	6/29/2012	3.5	219	6	2012
48000200	6/30/2012	4.3	213	6	2012
48000200	7/3/2012	3.35		7	2012
48000200	7/3/2012	3.96		7	2012
48000200	7/3/2012	4.27		7	2012
48000200	7/3/2012	4.57		7	2012
48000200	7/3/2012	5.18		7	2012
48000200	7/7/2012	3	219	7	2012
48000200	7/9/2012	2.7	213	7	2012
48000200	7/19/2012	3.05		7	2012
48000200	7/19/2012	3.35		7	2012
48000200	7/19/2012	3.66		7	2012
48000200	7/23/2012	3.7	213	7	2012
48000200	7/24/2012	3.8	213	7	2012
48000200	7/26/2012	3	219	7	2012
48000200	8/7/2012	2.7	219	8	2012
48000200	8/13/2012	2.44		8	2012
48000200	8/13/2012	2.74		8	2012
48000200	8/13/2012	3.05		8	2012
48000200	8/13/2012	3.35		8	2012
48000200	8/21/2012	2.7	213	8	2012
48000200	8/23/2012	2.3	219	8	2012
48000200	8/31/2012	3	219	8	2012
48000200	9/11/2012	1.83		9	2012
48000200	9/11/2012	2.13		9	2012
48000200	9/11/2012	2.44		9	2012
48000200	9/11/2012	3.05		9	2012
48000200	9/11/2012	3.35		9	2012
48000200	9/11/2012	3.66		9	2012
48000200	9/16/2012	3	219	9	2012
48000200	10/6/2012	3	213	10	2012
48000200	5/25/2013	5.5	213	5	2013
48000200	5/28/2013	4.27		5	2013
48000200	5/28/2013	4.88		5	2013
48000200	5/28/2013	5.79		5	2013
48000200	5/28/2013	6.1		5	2013
48000200	5/28/2013	7.62		5	2013
48000200	6/1/2013	5.8	213	6	2013
48000200	6/2/2013	5.9	213	6	2013
48000200	6/2/2013	6.1	219	6	2013
48000200	6/10/2013	6.7	213	6	2013
48000200	6/15/2013	7	213	6	2013
48000200	6/17/2013	6.1		6	2013
48000200	6/17/2013	6.4		6	2013
48000200	6/17/2013	7.32		6	2013
48000200	6/17/2013	7.62		6	2013
48000200	6/17/2013	8.84		6	2013
48000200	6/24/2013	4.9	213	6	2013
48000200	6/24/2013	5.2	219	6	2013
48000200	7/2/2013	4.88		7	2013
48000200	7/2/2013	5.49		7	2013
48000200	7/2/2013	5.79		7	2013
48000200	7/7/2013	3.4	219	7	2013
48000200	7/7/2013	5.5	213	7	2013
48000200	7/15/2013	3.66		7	2013
48000200	7/15/2013	3.96		7	2013
48000200	7/15/2013	4.57		7	2013
48000200	7/15/2013	4.88		7	2013
48000200	7/15/2013	4.9	219	7	2013
48000200	7/15/2013	5.18		7	2013
48000200	7/23/2013	5	219	7	2013
48000200	7/29/2013	3.4	219	7	2013
48000200	8/3/2013	4.6	213	8	2013
48000200	8/4/2013	4.4	213	8	2013
48000200	8/11/2013	3.7	213	8	2013
48000200	8/13/2013	3.35		8	2013
48000200	8/13/2013	3.66		8	2013
48000200	8/13/2013	3.96		8	2013
48000200	8/13/2013	4.27		8	2013
48000200	8/15/2013	2.9	219	8	2013
48000200	8/19/2013	2.4	213	8	2013
48000200	8/22/2013	3	219	8	2013
48000200	8/30/2013	3.2	219	8	2013
48000200	8/31/2013	3.7	213	8	2013
48000200	9/24/2013	3.05		9	2013
48000200	9/24/2013	3.35		9	2013
48000200	9/24/2013	3.66		9	2013
48000200	9/24/2013	4.27		9	2013
48000200	5/14/2014	3.35		5	2014
48000200	5/14/2014	3.66		5	2014
48000200	5/14/2014	3.96		5	2014
48000200	5/14/2014	4.27		5	2014
48000200	5/14/2014	4.57		5	2014
48000200	5/25/2014	4.3	223	5	2014
48000200	5/25/2014	6.7	213	5	2014
48000200	5/26/2014	6.4	213	5	2014
48000200	5/29/2014	4.6	223	5	2014
48000200	5/30/2014	3.96		5	2014
48000200	5/30/2014	4.27		5	2014
48000200	5/30/2014	4.57		5	2014
48000200	6/4/2014	4.7	223	6	2014
48000200	6/11/2014	4.4	223	6	2014
48000200	6/17/2014	3.05		6	2014
48000200	6/17/2014	3.35		6	2014
48000200	6/17/2014	3.66		6	2014
48000200	6/17/2014	4.27		6	2014
48000200	6/17/2014	4.3	223	6	2014
48000200	6/20/2014	4	223	6	2014
48000200	6/21/2014	3.2	219	6	2014
48000200	6/27/2014	5.2	213	6	2014
48000200	7/3/2014	2.74		7	2014
48000200	7/3/2014	3.05		7	2014
48000200	7/3/2014	3.66		7	2014
48000200	7/3/2014	3.96		7	2014
48000200	7/3/2014	4.27		7	2014
48000200	7/5/2014	3.2	223	7	2014
48000200	7/5/2014	4.7	213	7	2014
48000200	7/12/2014	2.4	219	7	2014
48000200	7/14/2014	3	223	7	2014
48000200	7/16/2014	2.13		7	2014
48000200	7/16/2014	2.44		7	2014
48000200	7/16/2014	2.74		7	2014
48000200	7/21/2014	2.7	223	7	2014
48000200	7/23/2014	2.3	219	7	2014
48000200	7/28/2014	2.4	213	7	2014
48000200	7/28/2014	2.6	223	7	2014
48000200	8/1/2014	2.4	213	8	2014
48000200	8/2/2014	2.1	219	8	2014
48000200	8/5/2014	2.1	223	8	2014
48000200	8/8/2014	2.6	213	8	2014
48000200	8/12/2014	2.13		8	2014
48000200	8/12/2014	2.44		8	2014
48000200	8/12/2014	2.74		8	2014
48000200	8/13/2014	1.8	219	8	2014
48000200	8/13/2014	2.1	223	8	2014
48000200	8/19/2014	1.8	223	8	2014
48000200	8/22/2014	1.8	223	8	2014
48000200	8/25/2014	1.8	223	8	2014
48000200	8/28/2014	1.8	223	8	2014
48000200	9/1/2014	2.6	213	9	2014
48000200	9/4/2014	1.8	223	9	2014
48000200	9/10/2014	2	223	9	2014
48000200	9/13/2014	1.8	223	9	2014
48000200	9/13/2014	2.9	213	9	2014
48000200	9/14/2014	1.83		9	2014
48000200	9/14/2014	2.13		9	2014
48000200	9/14/2014	2.44		9	2014
48000200	10/8/2014	2.6	223	10	2014
48000200	5/1/2015	3.05		5	2015
48000200	5/1/2015	3.35		5	2015
48000200	5/1/2015	3.66		5	2015
48000200	5/20/2015	3.05		5	2015
48000200	5/20/2015	3.35		5	2015
48000200	5/20/2015	3.66		5	2015
48000200	5/20/2015	3.96		5	2015
48000200	5/20/2015	4.27		5	2015
48000200	5/23/2015	6.1	213	5	2015
48000200	5/27/2015	4.8	223	5	2015
48000200	5/30/2015	4.5	109	5	2015
48000200	5/31/2015	3.8	109	5	2015
48000200	6/4/2015	2.74		6	2015
48000200	6/4/2015	3.05		6	2015
48000200	6/4/2015	3.35		6	2015
48000200	6/4/2015	3.66		6	2015
48000200	6/6/2015	4.9	213	6	2015
48000200	6/12/2015	4	223	6	2015
48000200	6/12/2015	4.4	109	6	2015
48000200	6/15/2015	4.1	109	6	2015
48000200	6/15/2015	4.27		6	2015
48000200	6/15/2015	4.57		6	2015
48000200	6/15/2015	4.88		6	2015
48000200	6/15/2015	6.7	213	6	2015
48000200	6/18/2015	4.3	109	6	2015
48000200	6/20/2015	3.5	223	6	2015
48000200	6/22/2015	4.3	213	6	2015
48000200	6/23/2015	4.2	109	6	2015
48000200	6/25/2015	3.4	219	6	2015
48000200	6/25/2015	4.1	109	6	2015
48000200	6/26/2015	3.5	223	6	2015
48000200	6/28/2015	3.2	213	6	2015
48000200	6/30/2015	3.35		6	2015
48000200	6/30/2015	3.96		6	2015
48000200	6/30/2015	4.27		6	2015
48000200	6/30/2015	4.57		6	2015
48000200	7/3/2015	4.3	109	7	2015
48000200	7/4/2015	3	219	7	2015
48000200	7/5/2015	3.7	223	7	2015
48000200	7/10/2015	4	219	7	2015
48000200	7/10/2015	4.6	109	7	2015
48000200	7/11/2015	4.3	213	7	2015
48000200	7/14/2015	3.8	223	7	2015
48000200	7/15/2015	2.74		7	2015
48000200	7/15/2015	3.35		7	2015
48000200	7/15/2015	3.66		7	2015
48000200	7/15/2015	3.96		7	2015
48000200	7/15/2015	4.57		7	2015
48000200	7/15/2015	10.97		7	2015
48000200	7/24/2015	2.7	223	7	2015
48000200	7/24/2015	4.5	109	7	2015
48000200	7/25/2015	2.1	219	7	2015
48000200	7/25/2015	2.9	223	7	2015
48000200	7/31/2015	2.4	213	7	2015
48000200	8/2/2015	2.6	223	8	2015
48000200	8/3/2015	2.4	213	8	2015
48000200	8/5/2015	4.3	109	8	2015
48000200	8/11/2015	1.8	223	8	2015
48000200	8/12/2015	1.83		8	2015
48000200	8/12/2015	2	223	8	2015
48000200	8/12/2015	2.13		8	2015
48000200	8/12/2015	4.5	109	8	2015
48000200	8/15/2015	1.5	213	8	2015
48000200	8/19/2015	4.2	109	8	2015
48000200	8/29/2015	3.9	109	8	2015
48000200	9/5/2015	3.7	213	9	2015
48000200	9/5/2015	4.2	109	9	2015
48000200	9/12/2015	4.3	109	9	2015
48000200	9/14/2015	2.74		9	2015
48000200	9/14/2015	3.05		9	2015
48000200	9/14/2015	3.35		9	2015
48000200	9/14/2015	3.66		9	2015
48000200	9/22/2015	2.6	223	9	2015
48000200	9/26/2015	4.6	109	9	2015
48000200	10/19/2015	2.13		10	2015
48000200	10/19/2015	2.44		10	2015
48000200	10/19/2015	2.74		10	2015
48000200	10/30/2015	4.1	109	10	2015
48000200	4/29/2016	3.35		4	2016
48000200	4/29/2016	3.66		4	2016
48000200	4/29/2016	3.96		4	2016
48000200	4/29/2016	4.27		4	2016
48000200	4/29/2016	4.88		4	2016
48000200	4/29/2016	5.18		4	2016
48000200	4/29/2016	5.49		4	2016
48000200	5/6/2016	5	223	5	2016
48000200	5/16/2016	3.66		5	2016
48000200	5/16/2016	3.8	223	5	2016
48000200	5/16/2016	3.96		5	2016
48000200	5/16/2016	4.27		5	2016
48000200	5/16/2016	4.57		5	2016
48000200	5/21/2016	7	213	5	2016
48000200	5/24/2016	3.5	223	5	2016
48000200	6/2/2016	2.74		6	2016
48000200	6/2/2016	3.66		6	2016
48000200	6/2/2016	3.96		6	2016
48000200	6/2/2016	4.27		6	2016
48000200	6/2/2016	4.88		6	2016
48000200	6/3/2016	2.6	223	6	2016
48000200	6/10/2016	5.8	213	6	2016
48000200	6/13/2016	3.35		6	2016
48000200	6/13/2016	4.27		6	2016
48000200	6/13/2016	4.57		6	2016
48000200	6/13/2016	4.88		6	2016
48000200	6/13/2016	6.1		6	2016
48000200	6/23/2016	1.8	223	6	2016
48000200	6/23/2016	4	219	6	2016
48000200	6/28/2016	2.74		6	2016
48000200	6/28/2016	3.05		6	2016
48000200	6/28/2016	3.35		6	2016
48000200	6/28/2016	4.6	213	6	2016
48000200	7/4/2016	1.5	223	7	2016
48000200	7/6/2016	4	219	7	2016
48000200	7/9/2016	3.7	213	7	2016
48000200	7/10/2016	3.2	213	7	2016
48000200	7/15/2016	2.9	219	7	2016
48000200	7/17/2016	2.1	223	7	2016
48000200	7/18/2016	2.4	219	7	2016
48000200	7/18/2016	2.44		7	2016
48000200	7/18/2016	2.74		7	2016
48000200	7/18/2016	3.05		7	2016
48000200	7/18/2016	3.35		7	2016
48000200	7/21/2016	2.7	223	7	2016
48000200	7/25/2016	3	213	7	2016
48000200	8/3/2016	2.9	223	8	2016
48000200	8/7/2016	2.7	213	8	2016
48000200	8/12/2016	2.5	223	8	2016
48000200	8/14/2016	2.4	213	8	2016
48000200	8/15/2016	2.13		8	2016
48000200	8/15/2016	2.44		8	2016
48000200	8/22/2016	2.2	223	8	2016
48000200	8/29/2016	2	223	8	2016
48000200	8/29/2016	2.6	213	8	2016
48000200	9/8/2016	2.3	223	9	2016
48000200	9/12/2016	1.52		9	2016
48000200	9/12/2016	1.83		9	2016
